103.412086 96.512726 88.433029 112.128830 93.113510 104.355988 112.481026 104.232475 102.153503 87.773125 95.034187 110.011757 91.106987 97.632538 96.084435 105.273170 86.273956 91.627739 99.589325 106.179276 
113.289856 104.987572 98.158569 122.152428 105.125275 114.773605 122.143616 111.806007 111.071556 92.990723 102.187515 119.932854 97.653114 105.902496 103.705666 113.652931 93.739456 99.749664 109.554298 117.096977 
126.646225 118.653496 111.283081 138.116745 116.430351 129.713684 138.483994 127.366928 125.518044 106.734886 116.747025 135.396881 110.891983 120.292282 117.311226 130.767960 106.730293 113.199310 123.348846 130.338669 
117.685005 110.500038 103.302345 128.599091 108.843704 121.036774 129.787949 119.063362 117.491615 99.861488 108.929939 126.422020 103.816261 111.813118 109.861893 122.309723 98.660858 105.237541 115.624397 120.805054 
91.163673 85.334312 80.079628 99.351669 84.807098 93.338264 99.552177 91.542709 89.492828 76.154892 83.955132 97.174530 79.991692 85.838531 83.910271 92.685898 75.893784 81.783630 88.847252 93.338799 
104.714439 97.200294 90.410545 113.697281 96.707932 106.319893 114.477890 105.283394 103.961700 89.079948 95.815674 110.692017 91.586044 98.207451 95.769157 106.033806 86.900330 93.742737 101.127937 107.812546 
109.775635 101.725044 95.940575 118.451759 101.429863 111.941597 120.526390 110.152512 109.465309 92.553841 101.394707 117.305008 95.806801 103.783714 100.989975 113.457191 91.644691 98.097275 107.177132 112.136505 
107.279755 100.001991 93.050323 116.460869 99.910126 108.869087 116.936981 108.107895 105.779831 88.808868 98.331833 113.886841 93.623337 100.085762 99.264168 109.883232 87.681091 95.642883 105.466888 111.102432 
121.871033 114.463753 106.800346 134.309128 114.380356 125.396835 134.521118 124.792244 122.950302 104.714615 113.017235 130.757980 107.933487 116.123253 114.563278 125.842148 102.092209 109.234642 119.954468 126.661621 
113.791862 106.854607 97.592636 123.624046 105.303543 115.746445 125.020096 114.683647 112.061127 96.930672 104.315392 122.178780 99.605392 108.131104 104.462425 116.778442 95.053535 101.359398 110.724579 116.935493 
