3.459251 6.859358 5.015195 5.307957 5.694761 4.416419 5.650609 5.616005 4.286365 4.433597 5.201128 5.951673 4.283666 5.326365 4.435376 4.889193 4.644844 5.050912 4.580396 4.432380 4.951617 4.349719 4.448688 3.380760 5.083183 5.105691 4.925344 5.469745 4.208381 6.560893 4.611708 4.321956 6.086058 4.827492 5.414915 5.263213 5.647563 4.348002 5.554653 3.877658 
5.390504 6.596413 5.443912 5.178343 5.422949 4.910039 6.577044 5.299735 4.125100 4.644573 5.626545 5.206754 5.065567 5.904954 4.407087 4.716358 5.277623 6.693296 4.986150 5.578798 4.925874 4.757132 4.651642 3.929904 5.406058 5.620295 3.943797 7.301145 4.485225 7.050251 4.979555 5.809793 6.305664 4.764483 6.277824 5.558721 5.951651 5.028792 6.325449 5.445111 
5.175385 6.831535 6.221398 5.981946 5.474250 5.075776 6.790324 7.031091 4.898676 5.726388 6.620544 6.598170 5.586512 6.887592 5.411571 5.807488 5.811563 6.444199 4.847570 6.073863 5.561295 6.067254 5.415950 4.716289 6.341666 5.884070 6.008558 7.856224 5.270476 8.120721 5.135099 5.699199 7.413846 5.344683 7.083234 7.251679 7.389246 5.658104 6.301011 5.953507 
5.010386 6.490298 5.800720 5.899556 5.372707 5.078226 6.185673 6.159315 4.711438 5.481503 5.839438 6.436283 4.991159 6.668292 5.360939 5.374330 4.524161 5.825331 4.652239 5.475114 5.168414 5.100463 5.486426 4.759258 5.994124 5.630749 5.859298 6.808023 5.476683 7.812939 4.405305 5.018754 6.820707 5.110278 6.724673 6.256516 6.702779 5.430023 5.721877 5.572483 
4.137632 4.980257 4.071145 4.174343 4.732367 4.385911 4.773207 4.273177 3.149329 3.437615 4.333727 4.294150 4.123682 5.222789 4.129136 4.663144 3.776934 4.915452 3.741425 4.879147 3.989785 3.940089 3.567645 3.423981 4.375570 4.128908 4.249407 5.751964 3.664703 5.748388 3.768019 4.491882 4.468590 3.888802 5.199661 5.385190 5.103483 4.382162 4.727251 4.338943 
4.104470 6.452728 4.817659 5.378609 5.140731 4.987461 5.548559 5.500883 4.232253 3.931423 5.208147 5.575166 4.091368 5.845565 4.550540 4.931869 4.188553 6.053287 4.526709 5.044008 4.639833 4.103545 4.150830 3.556559 5.129029 5.118939 4.950582 5.708476 4.886351 6.414069 4.089078 5.173959 5.209283 4.576127 6.227373 5.993636 5.455162 4.656904 5.283239 4.892914 
4.769157 5.783981 5.369644 5.039133 4.887137 4.644124 5.425738 6.262194 3.951102 5.560540 5.029416 5.845107 4.655516 6.030411 4.633879 5.221200 3.693949 6.101714 4.538666 5.658446 4.999447 4.529212 4.869606 3.731201 5.493224 5.259128 5.806328 6.265092 5.507962 6.997116 3.699036 5.043640 6.329174 4.377341 6.532162 5.796984 6.105768 4.904462 5.646972 5.672956 
4.840343 5.597461 4.803993 5.194991 5.114361 5.062814 5.909650 4.739656 4.541261 4.199798 5.599085 5.366765 4.901136 5.845082 4.449078 4.913708 4.384111 6.254374 4.385589 4.853822 4.358717 4.165486 4.723422 3.923031 5.795845 6.152446 4.407528 6.559444 5.052004 7.449475 4.211755 5.182946 5.768076 3.684775 6.768760 4.685401 5.357773 5.012400 5.720261 5.453257 
5.569829 7.008094 5.669719 6.499479 6.040468 5.555512 6.099600 6.368309 5.741351 5.253433 6.793439 6.490876 5.189271 6.875364 5.503789 5.748483 4.577058 6.708815 4.203528 6.166516 5.036917 5.286742 5.483235 4.471554 6.077387 6.197317 5.906120 7.054837 5.893476 8.219715 4.314625 5.482028 6.765696 4.701096 6.929052 6.222229 6.905542 5.456151 5.595968 5.935199 
4.577953 6.919787 5.690489 5.188788 5.979296 5.141015 5.860811 6.496174 3.878854 4.409774 5.503947 6.034511 4.646146 7.068696 4.890905 5.346499 4.175499 6.548019 5.031818 5.493273 4.935467 5.052872 4.651113 4.496963 6.171779 5.228154 5.554083 6.638855 5.174711 7.289756 4.533506 5.072681 5.554098 4.560576 6.563589 5.899407 6.195584 5.165140 5.608056 4.962989 
